0.00000000 0.25379434 0.34545613 0.22354900 0.32265997 0.48312993 0.14389952 0.19540566 0.23334493 0.14863863 0.17634436 0.20119488 0.09238750 0.26510639 0.22043621 0.08387937 0.17851144 0.13085081 0.17652357 0.18740541 0.16118862 0.18521231 0.20175666 0.15286552 0.21202642 0.17846971 0.29923658 0.08450946 0.13523848 0.12282122 0.16758797 0.19155981 0.11352645 0.09136708 0.16654840 0.16354562 0.08415592 0.18191426 0.16743628 0.15071394 0.14139150 0.22736877 0.19066786 0.26565450 0.22139350 0.24031762 0.18247773 0.18137460 0.32102799 0.15511119 0.19133979 0.12254691 0.28974791 0.35249835 0.17772188 0.15451800 0.17657658 0.24766621 0.38204662 0.17445184 0.11161347 0.21741388 0.24776632 0.23757793 0.15598101 
0.25379434 0.00000000 0.54972755 0.30162873 0.59617063 0.20682337 0.14230383 0.15723760 0.20846376 0.17980066 0.19048110 0.21140380 0.11834361 0.16477185 0.13801841 0.11563692 0.13956792 0.12556403 0.15019323 0.18054951 0.27087819 0.09316230 0.16718668 0.12010462 0.29507163 0.15424059 0.19559611 0.16306206 0.25124285 0.18131226 0.16152809 0.18292891 0.19080227 0.08298088 0.27444616 0.07235378 0.14375404 0.25534361 0.14197283 0.25601161 0.35524646 0.32685064 0.28391104 0.18798831 0.13619257 0.20409987 0.27076963 0.26924069 0.22205850 0.20111025 0.19254924 0.17244294 0.17510234 0.20710258 0.15741217 0.18107369 0.08665491 0.21660173 0.16231857 0.16579103 0.09858063 0.11471143 0.15441143 0.15697831 0.20365911 
0.34545613 0.54972755 0.00000000 0.26583168 0.14467659 0.06019780 0.57123422 0.11269504 0.15177250 0.08296220 0.11856593 0.13665800 0.09454200 0.22466697 0.09401406 0.16019377 0.26664097 0.06114089 0.10547393 0.24971616 0.15230959 0.17455212 0.22387408 0.18773781 0.33058772 0.06812807 0.43448933 0.28340918 0.13085865 0.17489733 0.13006014 0.14459043 0.09563078 0.09878599 0.10778231 0.19220765 0.21050451 0.27981748 0.38326116 0.55390905 0.38490824 0.41434731 0.13975368 0.27800405 0.20960119 0.23183966 0.32197001 0.20766557 0.26907449 0.16118979 0.15688674 0.12232869 0.12286782 0.21724923 0.09360104 0.06181834 0.09047126 0.11905144 0.09406523 0.11840450 0.09153329 0.18505910 0.18405334 0.14005036 0.12189561 
0.22354900 0.30162873 0.26583168 0.00000000 0.23698184 0.20145862 0.15661023 0.24729048 0.18059756 0.23202620 0.24803356 0.31446391 0.26870146 0.21770308 0.09435878 0.31721375 0.19033303 0.06598929 0.14012044 0.15890055 0.30523239 0.15269967 0.25924599 0.19007926 0.20190790 0.21248725 0.15991420 0.26878957 0.22826996 0.22601208 0.22226858 0.19610715 0.22771941 0.14565389 0.09801510 0.13920330 0.13878429 0.16743398 0.14610885 0.18623966 0.25482274 0.24594490 0.11475371 0.11886480 0.18986956 0.22100228 0.17828751 0.15913520 0.24717655 0.30663845 0.19875041 0.07863126 0.15393748 0.10880667 0.29042632 0.19895525 0.18081939 0.17821012 0.17422305 0.18150512 0.30206669 0.18385689 0.14155934 0.21231111 0.23757989 
0.32265997 0.59617063 0.14467659 0.23698184 0.00000000 0.04119186 0.20502053 0.29119110 0.33454295 0.06448446 0.25040271 0.30941135 0.21605116 0.24614274 0.13014777 0.33953656 0.08617673 0.20939345 0.15139007 0.26607682 0.24214412 0.20884592 0.08851660 0.16523973 0.20159916 0.09663030 0.05510438 0.21276566 0.11575294 0.22400704 0.14584791 0.20363326 0.18078033 0.29390604 0.09833885 0.18173643 0.15417104 0.11504445 0.08893832 0.11288189 0.12322974 0.21762878 0.31748058 0.17391130 0.15889081 0.17442466 0.26624736 0.19327715 0.19319520 0.20232029 0.20390197 0.10289953 0.21264494 0.21846309 0.13279150 0.16204791 0.22198683 0.26135053 0.18513262 0.21235431 0.22077254 0.23014022 0.16464682 0.16276768 0.27854997 
0.48312993 0.20682337 0.06019780 0.20145862 0.04119186 0.00000000 0.15241627 0.15021192 0.27620075 0.34156957 0.15659267 0.09893707 0.16189816 0.13736156 0.05209778 0.18621889 0.16051509 0.10633785 0.19316870 0.04785621 0.20824086 0.17208565 0.10686045 0.16587578 0.14682347 0.18992926 0.12882115 0.16752538 0.16107150 0.13275928 0.11694440 0.17851703 0.20327009 0.26869394 0.22194785 0.16360923 0.29758734 0.14647756 0.15923216 0.20084036 0.19665467 0.23297133 0.17629248 0.29947046 0.23537259 0.05925688 0.08741055 0.21652574 0.53294788 0.09296320 0.28358179 0.36372526 0.39961449 0.08952171 0.27739945 0.18278135 0.25250022 0.16170603 0.22854261 0.22954742 0.19326775 0.22897847 0.46809470 0.19860507 0.17765670 
0.14389952 0.14230383 0.57123422 0.15661023 0.20502053 0.15241627 0.00000000 0.22518418 0.27505841 0.22229820 0.41914295 0.09039825 0.14899072 0.20739815 0.11408188 0.19204191 0.26458465 0.11491489 0.26196172 0.11842677 0.17330913 0.16275286 0.15954769 0.18276395 0.21770196 0.18736130 0.70741379 0.19436323 0.24691742 0.16943496 0.13558759 0.14072663 0.19444958 0.13909589 0.06678054 0.18859765 0.31820614 0.15370734 0.22917755 0.26555061 0.19886545 0.28118230 0.07462144 0.26365316 0.09954068 0.30910740 0.27261242 0.11722615 0.17464920 0.12611318 0.16529269 0.16636012 0.01651022 0.18698100 0.20606706 0.23390809 0.15933846 0.06538235 0.10543385 0.27344297 0.19962009 0.10813587 0.11595209 0.26470868 0.15885331 
0.19540566 0.15723760 0.11269504 0.24729048 0.29119110 0.15021192 0.22518418 0.00000000 0.30831408 0.16447498 0.45281802 0.32438357 0.22696026 0.22628381 0.08573400 0.19802099 0.18239956 0.20186811 0.17072521 0.10440069 0.23538264 0.22185263 0.17559099 0.17255530 0.11946621 0.09454825 0.11372652 0.14879378 0.07325805 0.19106035 0.22119118 0.21688359 0.23296946 0.17888070 0.17120203 0.16404727 0.10062681 0.13672419 0.19525405 0.17838602 0.26164093 0.28834513 0.27624698 0.13200508 0.14551239 0.24828898 0.18994674 0.08037960 0.19989984 0.25310972 0.19991202 0.03528724 0.25746667 0.18578422 0.26663993 0.04996312 0.20268447 0.18108078 0.30593513 0.25210278 0.27103130 0.21541233 0.18356018 0.15895563 0.36467373 
0.23334493 0.20846376 0.15177250 0.18059756 0.33454295 0.27620075 0.27505841 0.30831408 0.00000000 0.13983551 0.18712769 0.37603939 0.51317238 0.16150763 0.10340602 0.13358236 0.15731144 0.21670900 0.19649313 0.14557347 0.24030368 0.12860067 0.22357644 0.17726308 0.16361128 0.16955257 0.27309232 0.16004018 0.14274395 0.15710540 0.19553327 0.09349461 0.24577375 0.17471394 0.13674349 0.08277410 0.11820381 0.17849040 0.09324851 0.15200104 0.30338102 0.22335122 0.26600383 0.05812763 0.18205541 0.15645234 0.16016044 0.17084348 0.18624984 0.18905192 0.14961992 0.13820653 0.41882382 0.26951405 0.12404910 0.15633346 0.14066070 0.36850370 0.31000621 0.17670382 0.19995056 0.18265442 0.31912965 0.19229806 0.12641430 
0.14863863 0.17980066 0.08296220 0.23202620 0.06448446 0.34156957 0.22229820 0.16447498 0.13983551 0.00000000 0.13136257 0.13303040 0.14635530 0.18876348 0.26574948 0.14029773 0.32672088 0.10831351 0.10545927 0.18687988 0.16800780 0.22254163 0.17626581 0.14237456 0.17348074 0.16425955 0.23640766 0.08489164 0.11555290 0.16239413 0.21451088 0.21202796 0.24910237 0.15899504 0.30846012 0.17409909 0.73905850 0.13210685 0.18969391 0.19291744 0.08764974 0.18228136 0.28269097 0.26320960 0.16031806 0.20296611 0.15733348 0.26867598 0.22757711 0.19673325 0.17870304 0.52619015 0.27821383 0.12464247 0.14552969 0.21767434 0.14527336 0.16950215 0.15868829 0.14375844 0.15257767 0.16259402 0.14206383 0.13394345 0.08555928 
0.17634436 0.19048110 0.11856593 0.24803356 0.25040271 0.15659267 0.41914295 0.45281802 0.18712769 0.13136257 0.00000000 0.36594237 0.22400592 0.16122479 0.24014209 0.19506730 0.36656825 0.28762485 0.29526191 0.15884847 0.20578976 0.15316237 0.10399158 0.13274016 0.25467582 0.05378966 0.36608396 0.18391347 0.19876297 0.30965813 0.17914350 0.13093114 0.16977917 0.10716334 0.07576020 0.05367927 0.23268816 0.17314533 0.24723674 0.15637149 0.17037640 0.18592486 0.18959189 0.09221245 0.08352773 0.23524424 0.26805732 0.10941915 0.18306025 0.14040175 0.08597260 0.14599424 0.21708869 0.06800674 0.16505142 0.18917581 0.25465489 0.17339972 0.21205426 0.25581081 0.22694954 0.17720698 0.25170326 0.23876899 0.31351435 
0.20119488 0.21140380 0.13665800 0.31446391 0.30941135 0.09893707 0.09039825 0.32438357 0.37603939 0.13303040 0.36594237 0.00000000 0.19322126 0.19055650 0.12406522 0.33260715 0.16943923 0.29505961 0.27087111 0.26015725 0.13821119 0.18992569 0.10391246 0.17156017 0.14821276 0.05595295 0.07898915 0.17218761 0.18791614 0.16739008 0.28525672 0.20636169 0.27736693 0.15384115 0.17375418 0.16522429 0.22474857 0.10867634 0.11844740 0.10010867 0.18738546 0.06083657 0.22302119 0.35875312 0.14635983 0.14345407 0.19453533 0.08706382 0.17443235 0.21837719 0.26196347 0.17412435 0.22508398 0.17290997 0.20940267 0.25076144 0.19979300 0.14546034 0.31120285 0.18756473 0.34749510 0.27445385 0.18059803 0.14449847 0.21719276 
0.09238750 0.11834361 0.09454200 0.26870146 0.21605116 0.16189816 0.14899072 0.22696026 0.51317238 0.14635530 0.22400592 0.19322126 0.00000000 0.15981509 0.25398725 0.27966971 0.18066620 0.27562840 0.25941007 0.19251267 0.05270320 0.13181274 0.10313902 0.15662658 0.12726028 0.13292371 0.12216769 0.19095165 0.19917212 0.16685731 0.28142517 0.57677477 0.28587357 0.28196297 0.16200080 0.27531708 0.23855066 0.13508513 0.12581136 0.12969024 0.12258749 0.14869235 0.17292019 0.12847319 0.20761128 0.13665048 0.12794762 0.08183353 0.07471394 0.18297616 0.21768715 0.15785302 0.17983236 0.07714445 0.16774372 0.31498327 0.27658964 0.50354341 0.21598573 0.09973587 0.25174176 0.28371637 0.34363619 0.18812434 0.29291698 
0.26510639 0.16477185 0.22466697 0.21770308 0.24614274 0.13736156 0.20739815 0.22628381 0.16150763 0.18876348 0.16122479 0.19055650 0.15981509 0.00000000 0.13863832 0.15285872 0.21928849 0.18880242 0.19463375 0.16858537 0.17034811 0.18856323 0.13400205 0.15611748 0.15551863 0.14221999 0.18212567 0.17635866 0.13917098 0.26946755 0.21163681 0.15398861 0.19403854 0.16652457 0.16276572 0.11022133 0.18787545 0.15082717 0.22384902 0.19069881 0.14181566 0.18082479 0.19801874 0.17714465 0.12860500 0.24478370 0.22374684 0.18636517 0.14265585 0.26347491 0.15364975 0.26296398 0.13144643 0.15725606 0.09934248 0.30720252 0.21839330 0.21009538 0.23807698 0.20613475 0.29471459 0.23480452 0.20367704 0.21588972 0.24687744 
0.22043621 0.13801841 0.09401406 0.09435878 0.13014777 0.05209778 0.11408188 0.08573400 0.10340602 0.26574948 0.24014209 0.12406522 0.25398725 0.13863832 0.00000000 0.08110614 0.11728335 0.17533108 0.28168133 0.15329491 0.27377866 0.16861205 0.18970645 0.24968634 0.16882621 0.21495151 0.27078194 0.26518121 0.34527300 0.25175280 0.29950760 0.46224724 0.34260178 0.33640935 0.47568823 0.31172376 0.21911643 0.12222549 0.19130011 0.10254272 0.07732423 0.12739095 0.21699546 0.07177540 0.08518527 0.14884807 0.09799463 0.07541436 0.22242112 0.23807720 0.13750369 0.31088851 0.15920889 0.25269016 0.23839151 0.24083971 0.13015333 0.10182984 0.15319521 0.22390423 0.20881184 0.20417594 0.25731084 0.15170947 0.09866419 
0.08387937 0.11563692 0.16019377 0.31721375 0.33953656 0.18621889 0.19204191 0.19802099 0.13358236 0.14029773 0.19506730 0.33260715 0.27966971 0.15285872 0.08110614 0.00000000 0.16906659 0.39836647 0.17788512 0.22917713 0.30384328 0.31848682 0.18083045 0.18836007 0.13131202 0.18347660 0.17463313 0.45919732 0.22159282 0.31049594 0.14641628 0.23889956 0.09275770 0.27149827 0.19146776 0.17181949 0.21696284 0.13779543 0.12998707 0.15405045 0.28993503 0.15663437 0.22123271 0.15765471 0.20174876 0.28790604 0.17117100 0.16338419 0.23798457 0.16789558 0.25091768 0.15352365 0.09065823 0.16521382 0.18440671 0.14297621 0.17603261 0.11810549 0.14777474 0.21287081 0.27258425 0.20700386 0.08707693 0.18709152 0.32395229 
0.17851144 0.13956792 0.26664097 0.19033303 0.08617673 0.16051509 0.26458465 0.18239956 0.15731144 0.32672088 0.36656825 0.16943923 0.18066620 0.21928849 0.11728335 0.16906659 0.00000000 0.35549772 0.16461181 0.62245721 0.18274108 0.16937031 0.17020266 0.12396889 0.44912060 0.24704678 0.63649482 0.19313225 0.21143010 0.14292756 0.17737377 0.08658903 0.23910029 0.14313404 0.21197355 0.24063329 0.25598922 0.13313132 0.20043159 0.18290317 0.18280284 0.21448750 0.28295897 0.30865938 0.13847210 0.20267019 0.09984380 0.13654716 0.04111245 0.16816040 0.13089444 0.11707431 0.10244352 0.14149436 0.21690678 0.08197671 0.09337949 0.28745570 0.14460831 0.12146664 0.16274876 0.19224126 0.12530907 0.16160595 0.24791248 
0.13085081 0.12556403 0.06114089 0.06598929 0.20939345 0.10633785 0.11491489 0.20186811 0.21670900 0.10831351 0.28762485 0.29505961 0.27562840 0.18880242 0.17533108 0.39836647 0.35549772 0.00000000 0.33481204 0.17723657 0.22871467 0.19657193 0.20403050 0.17677794 0.14601863 0.48116419 0.05261061 0.61128810 0.17505722 0.18409113 0.23506361 0.10241747 0.24308124 0.23198815 0.14000349 0.24689406 0.07153811 0.11921036 0.09632121 0.20817055 0.20550423 0.20902008 0.12594532 0.32609558 0.22495018 0.19278825 0.15152011 0.20439900 0.16542254 0.17636121 0.19995686 0.21783547 0.18785205 0.10000551 0.24422414 0.18817062 0.21745221 0.19746352 0.24531383 0.09928105 0.15505562 0.11298369 0.20270913 0.23065432 0.30133759 
0.17652357 0.15019323 0.10547393 0.14012044 0.15139007 0.19316870 0.26196172 0.17072521 0.19649313 0.10545927 0.29526191 0.27087111 0.25941007 0.19463375 0.28168133 0.17788512 0.16461181 0.33481204 0.00000000 0.36483298 0.34774830 0.23493643 0.16789683 0.26225619 0.14403102 0.73223051 0.13125415 0.28322204 0.14538973 0.14752848 0.24541813 0.12485496 0.26691164 0.12492029 0.11089599 0.38764069 0.07924606 0.19793072 0.08280050 0.18728670 0.24398452 0.17023306 0.08094320 0.19629412 0.26320078 0.12307661 0.20924292 0.13435338 0.16868424 0.15910303 0.14455688 0.19569561 0.16204996 0.16961355 0.15653727 0.17362589 0.20853018 0.04600640 0.17120573 0.24560734 0.21311338 0.09169428 0.19659904 0.15915361 0.12365835 
0.18740541 0.18054951 0.24971616 0.15890055 0.26607682 0.04785621 0.11842677 0.10440069 0.14557347 0.18687988 0.15884847 0.26015725 0.19251267 0.16858537 0.15329491 0.22917713 0.62245721 0.17723657 0.36483298 0.00000000 0.36674177 0.22245658 0.53425019 0.20106070 0.86015455 0.13250322 0.15101268 0.19868866 0.12265694 0.19192891 0.25629481 0.14175985 0.27766636 0.07917654 0.14927739 0.13723531 0.14552263 0.24790230 0.22424410 0.10931244 0.18160003 0.14425351 0.24236125 0.14266116 0.18117937 0.14208405 0.13701914 0.14262794 0.24730278 0.19153492 0.13742649 0.18027276 0.13784368 0.24057496 0.17833236 0.16444514 0.10341817 0.17663116 0.17313667 0.16824353 0.11087733 0.10507709 0.14420048 0.14783772 0.08546912 
0.16118862 0.27087819 0.15230959 0.30523239 0.24214412 0.20824086 0.17330913 0.23538264 0.24030368 0.16800780 0.20578976 0.13821119 0.05270320 0.17034811 0.27377866 0.30384328 0.18274108 0.22871467 0.34774830 0.36674177 0.00000000 0.24488400 0.25186103 0.16427757 0.30323377 0.41305512 0.25254354 0.30970367 0.11374902 0.19961153 0.12952675 0.09376110 0.34921264 0.09904333 0.06943797 0.28644473 0.08483332 0.15405088 0.19267345 0.18629269 0.13638300 0.18804165 0.13465649 0.29773085 0.21497376 0.19036729 0.21849683 0.13021587 0.14968411 0.16694748 0.16666648 0.11063690 0.09463171 0.16539318 0.21635339 0.17986894 0.17724403 0.09929935 0.19139233 0.18647772 0.18920155 0.22249594 0.17286464 0.21188170 0.21177254 
0.18521231 0.09316230 0.17455212 0.15269967 0.20884592 0.17208565 0.16275286 0.22185263 0.12860067 0.22254163 0.15316237 0.18992569 0.13181274 0.18856323 0.16861205 0.31848682 0.16937031 0.19657193 0.23493643 0.22245658 0.24488400 0.00000000 0.52787958 0.28187652 0.18475107 0.24047467 0.14518271 0.18857956 0.17027381 0.18614426 0.19927824 0.22361522 0.16700934 0.16337722 0.18986393 0.19801474 0.28313938 0.13702474 0.13345526 0.15026949 0.12602746 0.23059547 0.21447100 0.25641859 0.19079139 0.16903971 0.10330875 0.17764048 0.13077551 0.14091447 0.14315934 0.19373443 0.16805390 0.15337732 0.33627456 0.12274342 0.23111911 0.15885814 0.16753586 0.11279347 0.16175145 0.21138220 0.14251084 0.19157046 0.23237653 
0.20175666 0.16718668 0.22387408 0.25924599 0.08851660 0.10686045 0.15954769 0.17559099 0.22357644 0.17626581 0.10399158 0.10391246 0.10313902 0.13400205 0.18970645 0.18083045 0.17020266 0.20403050 0.16789683 0.53425019 0.25186103 0.52787958 0.00000000 0.42081759 0.29323784 0.18806231 0.25602149 0.16815103 0.21576204 0.14690247 0.16918384 0.14668709 0.13529828 0.05577592 0.26311937 0.21543744 0.23716781 0.34466655 0.20927668 0.09942520 0.20977359 0.20453441 0.30346148 0.18853664 0.06225971 0.25295603 0.24411210 0.13668464 0.13990094 0.14988786 0.23270495 0.11288748 0.19195759 0.15066914 0.12653338 0.11367671 0.14581072 0.26459208 0.18701289 0.19745535 0.14991069 0.07539791 0.11009273 0.22119699 0.12221280 
0.15286552 0.12010462 0.18773781 0.19007926 0.16523973 0.16587578 0.18276395 0.17255530 0.17726308 0.14237456 0.13274016 0.17156017 0.15662658 0.15611748 0.24968634 0.18836007 0.12396889 0.17677794 0.26225619 0.20106070 0.16427757 0.28187652 0.42081759 0.00000000 0.15137550 0.26220272 0.23749709 0.18134276 0.13835492 0.15673738 0.13074566 0.20915482 0.17794117 0.15226912 0.17487743 0.25573682 0.21564789 0.38253741 0.16640537 0.19704410 0.22021549 0.13941881 0.25094127 0.21809259 0.18101450 0.15303017 0.11612991 0.17017862 0.20156837 0.17097411 0.14310690 0.26689401 0.14955821 0.21083267 0.21340261 0.14570744 0.21192236 0.25728001 0.14629815 0.17192204 0.17614398 0.15233201 0.14899252 0.15394514 0.18190913 
0.21202642 0.29507163 0.33058772 0.20190790 0.20159916 0.14682347 0.21770196 0.11946621 0.16361128 0.17348074 0.25467582 0.14821276 0.12726028 0.15551863 0.16882621 0.13131202 0.44912060 0.14601863 0.14403102 0.86015455 0.30323377 0.18475107 0.29323784 0.15137550 0.00000000 0.09300056 0.43856678 0.08319635 0.20177402 0.19337410 0.10883020 0.10999596 0.13591426 0.05976821 0.23604413 0.12061461 0.21215057 0.19747843 0.59275594 0.15843481 0.27361620 0.23718177 0.30273756 0.28930882 0.10911620 0.20852333 0.21443586 0.16422499 0.17157096 0.10906178 0.07984602 0.17138023 0.21007571 0.19243941 0.14523680 0.14640345 0.10272329 0.16896857 0.09986735 0.20126647 0.13772287 0.08925746 0.24894676 0.12305459 0.13123152 
0.17846971 0.15424059 0.06812807 0.21248725 0.09663030 0.18992926 0.18736130 0.09454825 0.16955257 0.16425955 0.05378966 0.05595295 0.13292371 0.14221999 0.21495151 0.18347660 0.24704678 0.48116419 0.73223051 0.13250322 0.41305512 0.24047467 0.18806231 0.26220272 0.09300056 0.00000000 0.30928122 0.26958887 0.21072957 0.07107258 0.21541843 0.19608216 0.13823226 0.37614108 0.10713350 0.82630998 0.16728730 0.11553522 0.10456105 0.11516657 0.12108623 0.17997678 0.17256757 0.16247544 0.19901551 0.24839321 0.26242274 0.22208571 0.26823141 0.18900957 0.26839452 0.14752884 0.17007201 0.22001683 0.27750946 0.06070758 0.17368218 0.12742400 0.08758472 0.14438897 0.12960475 0.10576868 0.21523822 0.17759235 0.13582346 
0.29923658 0.19559611 0.43448933 0.15991420 0.05510438 0.12882115 0.70741379 0.11372652 0.27309232 0.23640766 0.36608396 0.07898915 0.12216769 0.18212567 0.27078194 0.17463313 0.63649482 0.05261061 0.13125415 0.15101268 0.25254354 0.14518271 0.25602149 0.23749709 0.43856678 0.30928122 0.00000000 0.15114557 0.19717950 0.17285633 0.02892521 0.12373782 0.10474526 0.13804774 0.17068047 0.09969027 0.26010863 0.11693532 0.25461326 0.28955066 0.12756636 0.25504910 0.08912705 0.19195645 0.22188040 0.26692332 0.10694558 0.02028919 0.15015207 0.00000000 0.07808730 0.16917621 0.15797590 0.11611610 0.07080565 0.31973782 0.08389870 0.20159059 0.15362115 0.24646722 0.12957025 0.19933507 0.18408944 0.31445064 0.18858588 
0.08450946 0.16306206 0.28340918 0.26878957 0.21276566 0.16752538 0.19436323 0.14879378 0.16004018 0.08489164 0.18391347 0.17218761 0.19095165 0.17635866 0.26518121 0.45919732 0.19313225 0.61128810 0.28322204 0.19868866 0.30970367 0.18857956 0.16815103 0.18134276 0.08319635 0.26958887 0.15114557 0.00000000 0.26299347 0.11800702 0.21974857 0.40474954 0.17720235 0.22447352 0.31626024 0.17690601 0.09943634 0.08378147 0.18999124 0.19287926 0.17980281 0.15228812 0.21759930 0.15693135 0.16046251 0.20015763 0.12363229 0.18157040 0.14192542 0.10168445 0.27011033 0.26243963 0.12718545 0.23141509 0.26711499 0.07368700 0.10235248 0.18535225 0.17671941 0.17925719 0.14265143 0.13538095 0.28742195 0.19527838 0.22662308 
0.13523848 0.25124285 0.13085865 0.22826996 0.11575294 0.16107150 0.24691742 0.07325805 0.14274395 0.11555290 0.19876297 0.18791614 0.19917212 0.13917098 0.34527300 0.22159282 0.21143010 0.17505722 0.14538973 0.12265694 0.11374902 0.17027381 0.21576204 0.13835492 0.20177402 0.21072957 0.19717950 0.26299347 0.00000000 0.61991927 0.60149921 0.31559777 0.44637749 0.43624697 0.41744125 0.12958612 0.17331171 0.13817445 0.16065916 0.09403751 0.05374195 0.19235790 0.28029526 0.04442346 0.10684652 0.15386017 0.11881858 0.08108544 0.06824770 0.07538194 0.13338534 0.10539117 0.09042688 0.20763068 0.20025184 0.26574112 0.21096235 0.24776546 0.27061540 0.16131481 0.20815691 0.20317104 0.14061443 0.22411227 0.20187153 
0.12282122 0.18131226 0.17489733 0.22601208 0.22400704 0.13275928 0.16943496 0.19106035 0.15710540 0.16239413 0.30965813 0.16739008 0.16685731 0.26946755 0.25175280 0.31049594 0.14292756 0.18409113 0.14752848 0.19192891 0.19961153 0.18614426 0.14690247 0.15673738 0.19337410 0.07107258 0.17285633 0.11800702 0.61991927 0.00000000 0.42493150 0.25414994 0.23982051 0.21732036 0.25470679 0.17192097 0.17010193 0.12880731 0.16804497 0.19227099 0.08094786 0.19721169 0.16661532 0.13024970 0.12318548 0.13373413 0.13242451 0.26332083 0.23197336 0.12555154 0.17447965 0.14416421 0.16430494 0.24042190 0.20155133 0.32112838 0.26445544 0.13484206 0.20325847 0.12151284 0.32115210 0.19284253 0.15530878 0.25002972 0.26413971 
0.16758797 0.16152809 0.13006014 0.22226858 0.14584791 0.11694440 0.13558759 0.22119118 0.19553327 0.21451088 0.17914350 0.28525672 0.28142517 0.21163681 0.29950760 0.14641628 0.17737377 0.23506361 0.24541813 0.25629481 0.12952675 0.19927824 0.16918384 0.13074566 0.10883020 0.21541843 0.02892521 0.21974857 0.60149921 0.42493150 0.00000000 0.54356411 0.38949243 0.29915615 0.16423060 0.14232184 0.20559194 0.17673031 0.19314441 0.17375507 0.26481527 0.10464402 0.06535502 0.13987633 0.18645927 0.28279259 0.14837432 0.18091076 0.22264221 0.17926849 0.13621266 0.20136706 0.08779863 0.19265412 0.20954879 0.12948625 0.16109201 0.10231009 0.17307243 0.16896423 0.21622852 0.20427470 0.15560037 0.17781569 0.21809417 
0.19155981 0.18292891 0.14459043 0.19610715 0.20363326 0.17851703 0.14072663 0.21688359 0.09349461 0.21202796 0.13093114 0.20636169 0.57677477 0.15398861 0.46224724 0.23889956 0.08658903 0.10241747 0.12485496 0.14175985 0.09376110 0.22361522 0.14668709 0.20915482 0.10999596 0.19608216 0.12373782 0.40474954 0.31559777 0.25414994 0.54356411 0.00000000 0.56900697 0.46573368 0.22693226 0.14676524 0.17888981 0.05369527 0.14453357 0.13408785 0.17481001 0.11947799 0.16140427 0.18378374 0.09981869 0.09879176 0.13323987 0.13130102 0.14134234 0.21414149 0.30380094 0.23725680 0.11155154 0.17741290 0.24701967 0.17877751 0.24991394 0.12377971 0.23908369 0.10842926 0.11076430 0.15303110 0.14582787 0.17996296 0.17206046 
0.11352645 0.19080227 0.09563078 0.22771941 0.18078033 0.20327009 0.19444958 0.23296946 0.24577375 0.24910237 0.16977917 0.27736693 0.28587357 0.19403854 0.34260178 0.09275770 0.23910029 0.24308124 0.26691164 0.27766636 0.34921264 0.16700934 0.13529828 0.17794117 0.13591426 0.13823226 0.10474526 0.17720235 0.44637749 0.23982051 0.38949243 0.56900697 0.00000000 0.34983302 0.22903630 0.18719429 0.13051938 0.18223970 0.13712429 0.09925526 0.10862561 0.02116446 0.16037482 0.16851262 0.10396480 0.32231943 0.12935604 0.08384986 0.10941195 0.23058865 0.19969393 0.24971129 0.17421547 0.14281591 0.22619251 0.12489446 0.24888514 0.26483056 0.20534915 0.12188919 0.17831604 0.11638588 0.15618192 0.16628320 0.21527577 
0.09136708 0.08298088 0.09878599 0.14565389 0.29390604 0.26869394 0.13909589 0.17888070 0.17471394 0.15899504 0.10716334 0.15384115 0.28196297 0.16652457 0.33640935 0.27149827 0.14313404 0.23198815 0.12492029 0.07917654 0.09904333 0.16337722 0.05577592 0.15226912 0.05976821 0.37614108 0.13804774 0.22447352 0.43624697 0.21732036 0.29915615 0.46573368 0.34983302 0.00000000 0.23338309 0.43938911 0.27739009 0.11983423 0.11244457 0.16574512 0.12804944 0.15691586 0.14973127 0.17184242 0.06615628 0.12482806 0.13118071 0.14285790 0.20479974 0.25267757 0.30952377 0.21830343 0.18682905 0.22307293 0.27392112 0.21986894 0.23980097 0.20489034 0.16073693 0.20498514 0.13070154 0.26479952 0.25694276 0.22569613 0.30717247 
0.16654840 0.27444616 0.10778231 0.09801510 0.09833885 0.22194785 0.06678054 0.17120203 0.13674349 0.30846012 0.07576020 0.17375418 0.16200080 0.16276572 0.47568823 0.19146776 0.21197355 0.14000349 0.11089599 0.14927739 0.06943797 0.18986393 0.26311937 0.17487743 0.23604413 0.10713350 0.17068047 0.31626024 0.41744125 0.25470679 0.16423060 0.22693226 0.22903630 0.23338309 0.00000000 0.36258101 0.22350487 0.21455304 0.22119696 0.05994291 0.09224721 0.16979938 0.27823836 0.16644286 0.15935509 0.25812540 0.18376557 0.23527804 0.10732822 0.25012806 0.18109428 0.30227903 0.11859311 0.17306010 0.39582654 0.28309158 0.15870321 0.08988065 0.15870898 0.18416242 0.27335220 0.16220462 0.12835059 0.27251542 0.16697748 
0.16354562 0.07235378 0.19220765 0.13920330 0.18173643 0.16360923 0.18859765 0.16404727 0.08277410 0.17409909 0.05367927 0.16522429 0.27531708 0.11022133 0.31172376 0.17181949 0.24063329 0.24689406 0.38764069 0.13723531 0.28644473 0.19801474 0.21543744 0.25573682 0.12061461 0.82630998 0.09969027 0.17690601 0.12958612 0.17192097 0.14232184 0.14676524 0.18719429 0.43938911 0.36258101 0.00000000 0.26840188 0.40024770 0.19339650 0.22703828 0.21203495 0.08615145 0.16904630 0.05992417 0.09404736 0.11211577 0.23258446 0.17899526 0.27095947 0.11651815 0.24641295 0.26557731 0.11958346 0.11763249 0.19997239 0.18717447 0.17928918 0.14451175 0.11269221 0.12911980 0.09615232 0.23575834 0.14151834 0.20642527 0.20976969 
0.08415592 0.14375404 0.21050451 0.13878429 0.15417104 0.29758734 0.31820614 0.10062681 0.11820381 0.73905850 0.23268816 0.22474857 0.23855066 0.18787545 0.21911643 0.21696284 0.25598922 0.07153811 0.07924606 0.14552263 0.08483332 0.28313938 0.23716781 0.21564789 0.21215057 0.16728730 0.26010863 0.09943634 0.17331171 0.17010193 0.20559194 0.17888981 0.13051938 0.27739009 0.22350487 0.26840188 0.00000000 0.42687804 0.16350574 0.16688240 0.05232536 0.16385518 0.24541271 0.23851055 0.11251909 0.11326505 0.14146221 0.15272279 0.18708443 0.17273914 0.04232568 0.26664901 0.23975627 0.16888163 0.17239974 0.11971745 0.24691859 0.14718169 0.08673188 0.15979043 0.18689865 0.24153915 0.14921481 0.17727031 0.28500063 
0.18191426 0.25534361 0.27981748 0.16743398 0.11504445 0.14647756 0.15370734 0.13672419 0.17849040 0.13210685 0.17314533 0.10867634 0.13508513 0.15082717 0.12222549 0.13779543 0.13313132 0.11921036 0.19793072 0.24790230 0.15405088 0.13702474 0.34466655 0.38253741 0.19747843 0.11553522 0.11693532 0.08378147 0.13817445 0.12880731 0.17673031 0.05369527 0.18223970 0.11983423 0.21455304 0.40024770 0.42687804 0.00000000 0.34623075 0.62170822 0.48565093 0.18647353 0.25282221 0.49987151 0.17386771 0.25852895 0.12291230 0.23037507 0.19216608 0.10390234 0.23353967 0.16160993 0.16037503 0.19188460 0.12510247 0.05953172 0.13906165 0.25579426 0.23971584 0.12702008 0.18167269 0.17200410 0.10153258 0.08154049 0.09278135 
0.16743628 0.14197283 0.38326116 0.14610885 0.08893832 0.15923216 0.22917755 0.19525405 0.09324851 0.18969391 0.24723674 0.11844740 0.12581136 0.22384902 0.19130011 0.12998707 0.20043159 0.09632121 0.08280050 0.22424410 0.19267345 0.13345526 0.20927668 0.16640537 0.59275594 0.10456105 0.25461326 0.18999124 0.16065916 0.16804497 0.19314441 0.14453357 0.13712429 0.11244457 0.22119696 0.19339650 0.16350574 0.34623075 0.00000000 1.11063497 0.49665316 0.37852562 0.23755451 0.27573621 0.15791968 0.09998146 0.10578357 0.14627281 0.13247353 0.10634557 0.13289991 0.13704702 0.14343525 0.15070468 0.10382791 0.13170813 0.19773549 0.12682968 0.14249092 0.16151285 0.20510513 0.19875337 0.19294993 0.23339337 0.18414271 
0.15071394 0.25601161 0.55390905 0.18623966 0.11288189 0.20084036 0.26555061 0.17838602 0.15200104 0.19291744 0.15637149 0.10010867 0.12969024 0.19069881 0.10254272 0.15405045 0.18290317 0.20817055 0.18728670 0.10931244 0.18629269 0.15026949 0.09942520 0.19704410 0.15843481 0.11516657 0.28955066 0.19287926 0.09403751 0.19227099 0.17375507 0.13408785 0.09925526 0.16574512 0.05994291 0.22703828 0.16688240 0.62170822 1.11063497 0.00000000 0.48800250 0.29184479 0.10386111 0.19128691 0.12474389 0.09296599 0.16773021 0.20990801 0.10187709 0.09595486 0.07125732 0.09689750 0.15946778 0.17402099 0.14674267 0.26287609 0.26509452 0.21219965 0.18482385 0.07998491 0.17100367 0.24450154 0.14454419 0.14234032 0.12832150 
0.14139150 0.35524646 0.38490824 0.25482274 0.12322974 0.19665467 0.19886545 0.26164093 0.30338102 0.08764974 0.17037640 0.18738546 0.12258749 0.14181566 0.07732423 0.28993503 0.18280284 0.20550423 0.24398452 0.18160003 0.13638300 0.12602746 0.20977359 0.22021549 0.27361620 0.12108623 0.12756636 0.17980281 0.05374195 0.08094786 0.26481527 0.17481001 0.10862561 0.12804944 0.09224721 0.21203495 0.05232536 0.48565093 0.49665316 0.48800250 0.00000000 0.18204719 0.16956537 0.20874075 0.23377838 0.22574447 0.25142241 0.26512859 0.21832806 0.17926463 0.10761388 0.15143346 0.16091607 0.20360977 0.12326038 0.18419451 0.22864979 0.17984518 0.25115310 0.15892121 0.14463563 0.21418445 0.16675540 0.13024082 0.14669303 
0.22736877 0.32685064 0.41434731 0.24594490 0.21762878 0.23297133 0.28118230 0.28834513 0.22335122 0.18228136 0.18592486 0.06083657 0.14869235 0.18082479 0.12739095 0.15663437 0.21448750 0.20902008 0.17023306 0.14425351 0.18804165 0.23059547 0.20453441 0.13941881 0.23718177 0.17997678 0.25504910 0.15228812 0.19235790 0.19721169 0.10464402 0.11947799 0.02116446 0.15691586 0.16979938 0.08615145 0.16385518 0.18647353 0.37852562 0.29184479 0.18204719 0.00000000 0.22573978 0.20713028 0.28120342 0.22594598 0.18887377 0.18376354 0.15645147 0.23782102 0.27679332 0.20530073 0.17838548 0.20753028 0.18306036 0.16624308 0.24809083 0.22381855 0.20510519 0.21457203 0.15836087 0.17302621 0.12944399 0.17050228 0.20814293 
0.19066786 0.28391104 0.13975368 0.11475371 0.31748058 0.17629248 0.07462144 0.27624698 0.26600383 0.28269097 0.18959189 0.22302119 0.17292019 0.19801874 0.21699546 0.22123271 0.28295897 0.12594532 0.08094320 0.24236125 0.13465649 0.21447100 0.30346148 0.25094127 0.30273756 0.17256757 0.08912705 0.21759930 0.28029526 0.16661532 0.06535502 0.16140427 0.16037482 0.14973127 0.27823836 0.16904630 0.24541271 0.25282221 0.23755451 0.10386111 0.16956537 0.22573978 0.00000000 0.15333839 0.21365871 0.15676182 0.21570217 0.16422477 0.21218777 0.20656483 0.22872068 0.18754955 0.17114216 0.19620512 0.19259639 0.21498262 0.26549433 0.12601993 0.11906848 0.20147818 0.13877959 0.17995325 0.17999746 0.24650109 0.16493068 
0.26565450 0.18798831 0.27800405 0.11886480 0.17391130 0.29947046 0.26365316 0.13200508 0.05812763 0.26320960 0.09221245 0.35875312 0.12847319 0.17714465 0.07177540 0.15765471 0.30865938 0.32609558 0.19629412 0.14266116 0.29773085 0.25641859 0.18853664 0.21809259 0.28930882 0.16247544 0.19195645 0.15693135 0.04442346 0.13024970 0.13987633 0.18378374 0.16851262 0.17184242 0.16644286 0.05992417 0.23851055 0.49987151 0.27573621 0.19128691 0.20874075 0.20713028 0.15333839 0.00000000 0.36891899 0.24737440 0.27574194 0.09483969 0.30175622 0.21597572 0.21354992 0.25637231 0.18619422 0.10711123 0.16980194 0.19443217 0.16328374 0.10015463 0.18702582 0.23158568 0.11060510 0.15139555 0.09462971 0.08663032 0.09909985 
0.22139350 0.13619257 0.20960119 0.18986956 0.15889081 0.23537259 0.09954068 0.14551239 0.18205541 0.16031806 0.08352773 0.14635983 0.20761128 0.12860500 0.08518527 0.20174876 0.13847210 0.22495018 0.26320078 0.18117937 0.21497376 0.19079139 0.06225971 0.18101450 0.10911620 0.19901551 0.22188040 0.16046251 0.10684652 0.12318548 0.18645927 0.09981869 0.10396480 0.06615628 0.15935509 0.09404736 0.11251909 0.17386771 0.15791968 0.12474389 0.23377838 0.28120342 0.21365871 0.36891899 0.00000000 0.36552462 0.50232630 0.95010379 0.36044174 0.34794697 0.33982699 0.24264557 0.13829991 0.17193279 0.13182503 0.19487772 0.25008983 0.10366537 0.17380846 0.30044621 0.11787686 0.24448472 0.10839811 0.11716345 0.21409569 
0.24031762 0.20409987 0.23183966 0.22100228 0.17442466 0.05925688 0.30910740 0.24828898 0.15645234 0.20296611 0.23524424 0.14345407 0.13665048 0.24478370 0.14884807 0.28790604 0.20267019 0.19278825 0.12307661 0.14208405 0.19036729 0.16903971 0.25295603 0.15303017 0.20852333 0.24839321 0.26692332 0.20015763 0.15386017 0.13373413 0.28279259 0.09879176 0.32231943 0.12482806 0.25812540 0.11211577 0.11326505 0.25852895 0.09998146 0.09296599 0.22574447 0.22594598 0.15676182 0.24737440 0.36552462 0.00000000 0.46689526 0.14853135 0.25573931 0.33836116 0.14393113 0.16727765 0.30174899 0.17898866 0.21129598 0.11760973 0.23852000 0.18799850 0.14644296 0.21126231 0.23369744 0.17437812 0.20085039 0.16478380 0.12453302 
0.18247773 0.27076963 0.32197001 0.17828751 0.26624736 0.08741055 0.27261242 0.18994674 0.16016044 0.15733348 0.26805732 0.19453533 0.12794762 0.22374684 0.09799463 0.17117100 0.09984380 0.15152011 0.20924292 0.13701914 0.21849683 0.10330875 0.24411210 0.11612991 0.21443586 0.26242274 0.10694558 0.12363229 0.11881858 0.13242451 0.14837432 0.13323987 0.12935604 0.13118071 0.18376557 0.23258446 0.14146221 0.12291230 0.10578357 0.16773021 0.25142241 0.18887377 0.21570217 0.27574194 0.50232630 0.46689526 0.00000000 0.53699053 0.19784769 0.25513369 0.41519197 0.12427785 0.22609801 0.32122490 0.09884601 0.14417653 0.10755366 0.16778612 0.14317004 0.23177500 0.15945216 0.10584279 0.17858614 0.10671164 0.12097094 
0.18137460 0.26924069 0.20766557 0.15913520 0.19327715 0.21652574 0.11722615 0.08037960 0.17084348 0.26867598 0.10941915 0.08706382 0.08183353 0.18636517 0.07541436 0.16338419 0.13654716 0.20439900 0.13435338 0.14262794 0.13021587 0.17764048 0.13668464 0.17017862 0.16422499 0.22208571 0.02028919 0.18157040 0.08108544 0.26332083 0.18091076 0.13130102 0.08384986 0.14285790 0.23527804 0.17899526 0.15272279 0.23037507 0.14627281 0.20990801 0.26512859 0.18376354 0.16422477 0.09483969 0.95010379 0.14853135 0.53699053 0.00000000 0.57464099 0.09460730 0.45562366 0.38782693 0.19201098 0.16416946 0.27683083 0.24686838 0.13395975 0.06362118 0.27264968 0.12114549 0.06443263 0.15755410 0.20927338 0.08654928 0.08601611 
0.32102799 0.22205850 0.26907449 0.24717655 0.19319520 0.53294788 0.17464920 0.19989984 0.18624984 0.22757711 0.18306025 0.17443235 0.07471394 0.14265585 0.22242112 0.23798457 0.04111245 0.16542254 0.16868424 0.24730278 0.14968411 0.13077551 0.13990094 0.20156837 0.17157096 0.26823141 0.15015207 0.14192542 0.06824770 0.23197336 0.22264221 0.14134234 0.10941195 0.20479974 0.10732822 0.27095947 0.18708443 0.19216608 0.13247353 0.10187709 0.21832806 0.15645147 0.21218777 0.30175622 0.36044174 0.25573931 0.19784769 0.57464099 0.00000000 0.19505489 0.10503946 0.05694228 0.38003791 0.11058784 0.07118653 0.12626480 0.21579688 0.21300856 0.29065807 0.15827687 0.10255917 0.16369153 0.14927094 0.18688230 0.13117884 
0.15511119 0.20111025 0.16118979 0.30663845 0.20232029 0.09296320 0.12611318 0.25310972 0.18905192 0.19673325 0.14040175 0.21837719 0.18297616 0.26347491 0.23807720 0.16789558 0.16816040 0.17636121 0.15910303 0.19153492 0.16694748 0.14091447 0.14988786 0.17097411 0.10906178 0.18900957 0.00000000 0.10168445 0.07538194 0.12555154 0.17926849 0.21414149 0.23058865 0.25267757 0.25012806 0.11651815 0.17273914 0.10390234 0.10634557 0.09595486 0.17926463 0.23782102 0.20656483 0.21597572 0.34794697 0.33836116 0.25513369 0.09460730 0.19505489 0.00000000 0.28681784 0.14407545 0.36828627 0.49778549 0.16054706 0.09826740 0.18300202 0.15354021 0.50449048 0.57616483 0.11856526 0.17773095 0.21578784 0.26108411 0.18211959 
0.19133979 0.19254924 0.15688674 0.19875041 0.20390197 0.28358179 0.16529269 0.19991202 0.14961992 0.17870304 0.08597260 0.26196347 0.21768715 0.15364975 0.13750369 0.25091768 0.13089444 0.19995686 0.14455688 0.13742649 0.16666648 0.14315934 0.23270495 0.14310690 0.07984602 0.26839452 0.07808730 0.27011033 0.13338534 0.17447965 0.13621266 0.30380094 0.19969393 0.30952377 0.18109428 0.24641295 0.04232568 0.23353967 0.13289991 0.07125732 0.10761388 0.27679332 0.22872068 0.21354992 0.33982699 0.14393113 0.41519197 0.45562366 0.10503946 0.28681784 0.00000000 0.22794381 0.25743829 0.22391133 0.46405643 0.23635140 0.23314720 0.15968350 0.09868137 0.13945624 0.23644018 0.17251138 0.11225882 0.22547686 0.15787183 
0.12254691 0.17244294 0.12232869 0.07863126 0.10289953 0.36372526 0.16636012 0.03528724 0.13820653 0.52619015 0.14599424 0.17412435 0.15785302 0.26296398 0.31088851 0.15352365 0.11707431 0.21783547 0.19569561 0.18027276 0.11063690 0.19373443 0.11288748 0.26689401 0.17138023 0.14752884 0.16917621 0.26243963 0.10539117 0.14416421 0.20136706 0.23725680 0.24971129 0.21830343 0.30227903 0.26557731 0.26664901 0.16160993 0.13704702 0.09689750 0.15143346 0.20530073 0.18754955 0.25637231 0.24264557 0.16727765 0.12427785 0.38782693 0.05694228 0.14407545 0.22794381 0.00000000 0.32747777 0.13770308 0.48000231 0.17899180 0.10230639 0.16117040 0.14975181 0.18718409 0.18293791 0.18808064 0.15253284 0.22629534 0.11156740 
0.28974791 0.17510234 0.12286782 0.15393748 0.21264494 0.39961449 0.01651022 0.25746667 0.41882382 0.27821383 0.21708869 0.22508398 0.17983236 0.13144643 0.15920889 0.09065823 0.10244352 0.18785205 0.16204996 0.13784368 0.09463171 0.16805390 0.19195759 0.14955821 0.21007571 0.17007201 0.15797590 0.12718545 0.09042688 0.16430494 0.08779863 0.11155154 0.17421547 0.18682905 0.11859311 0.11958346 0.23975627 0.16037503 0.14343525 0.15946778 0.16091607 0.17838548 0.17114216 0.18619422 0.13829991 0.30174899 0.22609801 0.19201098 0.38003791 0.36828627 0.25743829 0.32747777 0.00000000 0.24964670 0.21790709 0.53208387 0.12733094 0.52513414 0.24261354 0.21915303 0.17494646 0.11533095 0.33028852 0.06511201 0.03910999 
0.35249835 0.20710258 0.21724923 0.10880667 0.21846309 0.08952171 0.18698100 0.18578422 0.26951405 0.12464247 0.06800674 0.17290997 0.07714445 0.15725606 0.25269016 0.16521382 0.14149436 0.10000551 0.16961355 0.24057496 0.16539318 0.15337732 0.15066914 0.21083267 0.19243941 0.22001683 0.11611610 0.23141509 0.20763068 0.24042190 0.19265412 0.17741290 0.14281591 0.22307293 0.17306010 0.11763249 0.16888163 0.19188460 0.15070468 0.17402099 0.20360977 0.20753028 0.19620512 0.10711123 0.17193279 0.17898866 0.32122490 0.16416946 0.11058784 0.49778549 0.22391133 0.13770308 0.24964670 0.00000000 0.25216658 0.21026020 0.33108308 0.13569798 0.18043680 0.24377926 0.22498474 0.24529972 0.25387338 0.28838791 0.27769075 
0.17772188 0.15741217 0.09360104 0.29042632 0.13279150 0.27739945 0.20606706 0.26663993 0.12404910 0.14552969 0.16505142 0.20940267 0.16774372 0.09934248 0.23839151 0.18440671 0.21690678 0.24422414 0.15653727 0.17833236 0.21635339 0.33627456 0.12653338 0.21340261 0.14523680 0.27750946 0.07080565 0.26711499 0.20025184 0.20155133 0.20954879 0.24701967 0.22619251 0.27392112 0.39582654 0.19997239 0.17239974 0.12510247 0.10382791 0.14674267 0.12326038 0.18306036 0.19259639 0.16980194 0.13182503 0.21129598 0.09884601 0.27683083 0.07118653 0.16054706 0.46405643 0.48000231 0.21790709 0.25216658 0.00000000 0.36178593 0.15940175 0.13868836 0.14673547 0.09182059 0.20490990 0.13958233 0.21652621 0.16004351 0.07025310 
